0 0.307383 0.529722 0.041953 0.069444
0 0.238125 0.521167 0.037500 0.063167
0 0.380312 0.625417 0.050312 0.078056
0 0.333203 0.428208 0.029375 0.024750
0 0.852563 0.944194 0.108094 0.111611
0 0.275348 0.837854 0.082883 0.139042
0 0.857812 0.702771 0.102812 0.091958
0 0.506328 0.462153 0.040313 0.037083
0 0.985582 0.636264 0.028383 0.087583
0 0.251449 0.403944 0.027570 0.028222
0 0.341289 0.411250 0.028687 0.019167
0 0.294449 0.464639 0.039852 0.043222
0 0.343328 0.493312 0.037406 0.038764
0 0.567785 0.446743 0.040805 0.028653
0 0.562039 0.487007 0.044047 0.040903
0 0.596203 0.641181 0.068531 0.086250
0 0.433324 0.899319 0.103977 0.201361
0 0.423301 0.421687 0.036055 0.034153
0 0.662578 0.519722 0.051719 0.053056
0 0.830461 0.612993 0.071109 0.064014
0 0.632387 0.561507 0.052117 0.050625
