0 0.456719 0.468264 0.045000 0.033194
0 0.389844 0.429653 0.030625 0.033472
0 0.348359 0.436458 0.028125 0.018750
0 0.304926 0.403187 0.029195 0.022514
0 0.243711 0.468882 0.034609 0.045958
0 0.272527 0.408313 0.029195 0.025042
0 0.323047 0.417424 0.030094 0.029597
0 0.382766 0.482444 0.039938 0.043194
0 0.313512 0.472854 0.039227 0.037097
0 0.262043 0.543167 0.041195 0.055056
0 0.620586 0.449632 0.046828 0.032403
0 0.629336 0.475438 0.053359 0.033458
0 0.615230 0.502285 0.049805 0.048153
0 0.970664 0.719111 0.058672 0.093944
0 0.227871 0.931187 0.105430 0.137625
0 0.435508 0.947479 0.122109 0.105042
0 0.502262 0.648889 0.068758 0.105833
0 0.323086 0.525417 0.046641 0.075556
0 0.281445 0.647500 0.057266 0.089444
0 0.556055 0.460375 0.034766 0.039917
0 0.486633 0.457083 0.032641 0.027222
0 0.835195 0.690986 0.085703 0.087750
0 0.558242 0.770563 0.079766 0.115542
0 0.765156 0.602500 0.067656 0.072222
0 0.825273 0.551667 0.070703 0.068611
