0 0.284141 0.684431 0.062812 0.119750
0 0.362152 0.434653 0.032414 0.030972
0 0.249492 0.912813 0.100078 0.164653
0 0.877004 0.645160 0.081148 0.070236
0 0.575566 0.483083 0.049492 0.052889
0 0.774734 0.869799 0.118641 0.147069
0 0.455586 0.603667 0.051797 0.077889
0 0.266250 0.584958 0.045469 0.072306
0 0.521949 0.658674 0.072195 0.120153
0 0.850305 0.694007 0.088453 0.083181
0 0.338777 0.543472 0.047602 0.063056
0 0.313867 0.422993 0.029781 0.025708
0 0.409402 0.674347 0.059086 0.112139
0 0.715336 0.513646 0.055375 0.059792
0 0.700340 0.598917 0.066695 0.071306
0 0.675781 0.960076 0.117672 0.079847
0 0.236668 0.520333 0.035117 0.052889
0 0.264340 0.481896 0.036898 0.040903
0 0.229426 0.451389 0.038086 0.038444
0 0.238750 0.406597 0.039281 0.024333
0 0.309465 0.403069 0.029164 0.020806
0 0.370973 0.408722 0.031961 0.026444
0 0.595285 0.462875 0.034430 0.033056
0 0.445187 0.458792 0.038563 0.032222
0 0.487660 0.439278 0.033602 0.029556
0 0.458430 0.445375 0.030344 0.032000
0 0.979398 0.598250 0.041203 0.146972
0 0.495281 0.550611 0.050453 0.051917
0 0.421727 0.541875 0.053641 0.072222
0 0.206602 0.402861 0.025891 0.024083
0 0.263949 0.397222 0.022289 0.021944
