0 0.367051 0.508951 0.044398 0.058208
0 0.452895 0.959021 0.117977 0.081958
0 0.743164 0.561667 0.057422 0.054722
0 0.394336 0.689583 0.062109 0.095278
0 0.287266 0.502653 0.037812 0.043306
0 0.652812 0.518611 0.049531 0.044722
0 0.865586 0.720812 0.093516 0.097514
0 0.620496 0.550562 0.052555 0.055542
0 0.207109 0.485139 0.031094 0.056111
0 0.266625 0.540486 0.038781 0.058750
0 0.240742 0.465972 0.039297 0.051667
0 0.733047 0.623611 0.069062 0.069167
0 0.773945 0.535278 0.052266 0.041667
0 0.358234 0.419868 0.023375 0.023903
0 0.502387 0.554028 0.049195 0.056472
0 0.662270 0.495819 0.048602 0.037722
0 0.196875 0.438167 0.018672 0.024750
0 0.222305 0.424097 0.033125 0.035972
0 0.347773 0.430215 0.035406 0.025819
0 0.439637 0.443118 0.034523 0.038458
0 0.560852 0.510090 0.048672 0.048569
0 0.505039 0.445653 0.118516 0.126472
0 0.428695 0.501479 0.042859 0.049403
