0 0.274570 0.484882 0.035391 0.041208
0 0.397336 0.445465 0.034375 0.028458
0 0.814422 0.519597 0.059906 0.057917
0 0.768801 0.568944 0.067367 0.067306
0 0.595629 0.462472 0.038430 0.045722
0 0.607824 0.882458 0.110133 0.167861
0 0.771953 0.650382 0.075781 0.085625
0 0.634844 0.558514 0.057344 0.054083
0 0.766641 0.404583 0.042188 0.042778
0 0.555617 0.466111 0.052359 0.058056
0 0.325402 0.421458 0.032945 0.028194
0 0.462535 0.950951 0.114602 0.098097
0 0.497332 0.480313 0.042758 0.040903
0 0.686523 0.741597 0.090188 0.113472
0 0.270781 0.824931 0.080469 0.142361
0 0.275047 0.707993 0.061156 0.101264
0 0.966715 0.703958 0.066570 0.081250
0 0.426289 0.434882 0.039766 0.036431
0 0.306914 0.464833 0.037578 0.043194
0 0.238094 0.530056 0.036937 0.046194
0 0.264480 0.406792 0.026008 0.021250
0 0.478488 0.612118 0.061102 0.084986
0 0.376656 0.612083 0.053094 0.088389
0 0.318191 0.405042 0.024820 0.021861
