0 0.575379 0.480861 0.051586 0.052444
0 0.302414 0.414306 0.027641 0.021944
0 0.613047 0.473472 0.036563 0.038611
0 0.482148 0.468472 0.040703 0.037222
0 0.385301 0.625694 0.058305 0.092500
0 0.584258 0.518889 0.049453 0.054722
0 0.454531 0.588861 0.056250 0.073667
0 0.528008 0.722951 0.066953 0.096042
0 0.273945 0.597847 0.043203 0.072083
0 0.776969 0.558014 0.082156 0.087306
0 0.845273 0.560715 0.066328 0.075792
0 0.480129 0.435694 0.035211 0.028611
0 0.718422 0.604090 0.064609 0.080347
0 0.436965 0.937569 0.127523 0.124861
0 0.815527 0.927500 0.149648 0.145000
0 0.774027 0.421187 0.049805 0.041236
0 0.453027 0.519771 0.044055 0.053042
0 0.345828 0.490299 0.042000 0.052819
0 0.264363 0.479597 0.040758 0.047806
0 0.257988 0.550299 0.038477 0.055792
0 0.374348 0.439326 0.034320 0.027319
0 0.405867 0.433979 0.034547 0.026181
0 0.211992 0.399444 0.026078 0.018889
