0 0.254578 0.455549 0.030375 0.034458
0 0.835074 0.549639 0.080305 0.068778
0 0.971379 0.717257 0.057242 0.086403
0 0.249414 0.516181 0.046172 0.076250
0 0.243766 0.430042 0.036344 0.035361
0 0.325543 0.417854 0.029148 0.030486
0 0.284996 0.403681 0.027602 0.024083
0 0.491508 0.462472 0.038531 0.040222
0 0.447813 0.457743 0.046500 0.048264
0 0.353422 0.465382 0.048797 0.066292
0 0.515879 0.440979 0.047805 0.040264
0 0.197445 0.398125 0.027703 0.022639
0 0.290145 0.596389 0.080758 0.170833
0 0.439609 0.582375 0.050937 0.068306
0 0.431488 0.421861 0.033039 0.028194
0 0.625414 0.498840 0.050891 0.051764
0 0.531719 0.676042 0.068750 0.109028
0 0.499844 0.555069 0.063437 0.070139
0 0.834582 0.619444 0.082867 0.076944
0 0.594238 0.531528 0.047148 0.052778
0 0.722094 0.548764 0.063312 0.070806
0 0.340898 0.542361 0.042266 0.064167
0 0.363785 0.435556 0.036023 0.030278
