0 0.250734 0.549500 0.039156 0.046278
0 0.331484 0.486431 0.039062 0.046861
0 0.293945 0.762785 0.077891 0.118597
0 0.322266 0.416528 0.039062 0.032778
0 0.913437 0.593958 0.081406 0.061806
0 0.292539 0.504951 0.039141 0.058708
0 0.328164 0.538625 0.041172 0.057472
0 0.737035 0.493583 0.050148 0.053944
0 0.747383 0.575882 0.067109 0.060181
0 0.543617 0.733840 0.072453 0.110931
0 0.299531 0.594653 0.042969 0.073194
0 0.894492 0.457431 0.068047 0.058750
0 0.508844 0.566375 0.054641 0.063167
0 0.259891 0.407667 0.029594 0.027139
0 0.260605 0.451361 0.032148 0.031083
0 0.261422 0.484528 0.035562 0.042611
0 0.288848 0.437118 0.037148 0.038097
0 0.399359 0.415049 0.035438 0.032014
0 0.371906 0.474632 0.037875 0.039625
0 0.919020 0.550306 0.068508 0.048111
0 0.732918 0.796951 0.112148 0.166042
0 0.431895 0.507701 0.047211 0.059042
0 0.429266 0.567944 0.034797 0.061167
0 0.391895 0.630729 0.085930 0.184681
