0 0.239977 0.464354 0.035859 0.038458
0 0.202848 0.474167 0.031336 0.045500
0 0.237371 0.521542 0.037180 0.048556
0 0.380992 0.424278 0.031141 0.024667
0 0.391012 0.444014 0.033320 0.030333
0 0.443871 0.463771 0.036695 0.035264
0 0.472836 0.426563 0.045031 0.041958
0 0.676527 0.962160 0.108070 0.075681
0 0.284383 0.629986 0.050062 0.075889
0 0.275039 0.589750 0.040625 0.055778
0 0.329641 0.545403 0.042859 0.058528
0 0.341285 0.491917 0.040086 0.050278
0 0.545297 0.585146 0.067047 0.098042
0 0.498820 0.483333 0.044625 0.039139
0 0.536109 0.434854 0.037891 0.031736
0 0.284570 0.775972 0.079922 0.161389
0 0.935871 0.687986 0.084352 0.079306
0 0.979395 0.580125 0.041133 0.071694
0 0.445977 0.573924 0.051172 0.066875
0 0.590078 0.531910 0.048750 0.053125
0 0.397578 0.657785 0.071875 0.137764
0 0.928742 0.608486 0.082828 0.075306
0 0.522395 0.692319 0.066305 0.114528
0 0.811055 0.676153 0.084297 0.082917
0 0.662070 0.473153 0.044766 0.037139
0 0.888332 0.962799 0.143023 0.074403
0 0.610254 0.474090 0.050336 0.051625
0 0.676910 0.580743 0.062211 0.066819
0 0.682719 0.721694 0.086203 0.128083
0 0.346121 0.463729 0.035508 0.033847
0 0.213680 0.436431 0.033344 0.031083
0 0.233238 0.399556 0.033336 0.030028
0 0.259684 0.411667 0.030820 0.025806
0 0.313992 0.415882 0.028594 0.027403
0 0.263316 0.446042 0.039555 0.038722
