0 0.236867 0.441174 0.034375 0.029014
0 0.274430 0.462799 0.035406 0.036347
0 0.324223 0.445528 0.039539 0.044500
0 0.365742 0.439486 0.030547 0.027139
0 0.402672 0.445806 0.033781 0.028722
0 0.463957 0.450160 0.033961 0.033514
0 0.516148 0.431576 0.043375 0.038986
0 0.661453 0.468757 0.046312 0.037181
0 0.385219 0.484000 0.037484 0.041083
0 0.543609 0.583542 0.056750 0.077917
0 0.462187 0.520257 0.051875 0.066708
0 0.378461 0.513688 0.043859 0.057681
0 0.339359 0.418708 0.030687 0.020722
0 0.552844 0.472118 0.052297 0.055625
0 0.174906 0.374743 0.063094 0.065292
0 0.251980 0.403410 0.029586 0.025903
0 0.223746 0.405083 0.026398 0.022556
0 0.298043 0.403167 0.027258 0.021944
0 0.778332 0.644792 0.087617 0.101250
0 0.838984 0.615944 0.076719 0.069472
0 0.615418 0.497646 0.049320 0.059653
0 0.284414 0.625569 0.061797 0.103528
0 0.735094 0.517306 0.050750 0.048444
0 0.699258 0.536486 0.054766 0.056194
0 0.475230 0.630069 0.057820 0.079028
0 0.990906 0.642319 0.018187 0.057972
0 0.328320 0.538819 0.040859 0.064306
0 0.230332 0.468396 0.033555 0.036819
0 0.438770 0.582187 0.049961 0.062819
0 0.622797 0.677083 0.075344 0.099444
0 0.291211 0.502583 0.038047 0.047333
0 0.261488 0.901354 0.123289 0.197292
0 0.269391 0.436222 0.033641 0.025333
