0 0.681680 0.498597 0.051797 0.050806
0 0.565293 0.478118 0.051898 0.050708
0 0.258191 0.549375 0.040492 0.067639
0 0.961836 0.606465 0.076328 0.074847
0 0.651250 0.440139 0.122656 0.099167
0 0.803555 0.507708 0.067422 0.049306
0 0.570586 0.519583 0.046328 0.046944
0 0.777367 0.655236 0.082453 0.071583
0 0.331309 0.538611 0.040664 0.059167
0 0.300508 0.650521 0.050078 0.093958
0 0.423086 0.562569 0.048359 0.072361
0 0.821187 0.559021 0.067156 0.055764
0 0.189160 0.433910 0.033727 0.060431
0 0.213613 0.392896 0.029836 0.025708
0 0.248039 0.402486 0.028922 0.023667
0 0.283043 0.402285 0.028227 0.025708
0 0.298191 0.421660 0.030523 0.024486
0 0.252387 0.948319 0.107539 0.103361
0 0.373332 0.511507 0.043148 0.049375
0 0.362098 0.412701 0.027773 0.026208
0 0.343707 0.431076 0.024961 0.025486
0 0.387527 0.426361 0.030805 0.030222
0 0.506414 0.424382 0.101391 0.090681
0 0.320953 0.475313 0.038500 0.041069
0 0.275145 0.489243 0.037711 0.045319
0 0.708898 0.551840 0.059078 0.062014
0 0.626367 0.868396 0.114906 0.162236
0 0.471207 0.973125 0.104461 0.053750
