0 0.628672 0.512125 0.050781 0.050750
0 0.498109 0.628722 0.066484 0.102194
0 0.703902 0.503556 0.056852 0.056694
0 0.650879 0.573160 0.051320 0.038792
0 0.544996 0.502125 0.044727 0.050056
0 0.657918 0.699174 0.088586 0.113542
0 0.597125 0.821882 0.093094 0.130403
0 0.765234 0.638264 0.073438 0.080972
0 0.918012 0.652826 0.096008 0.105181
0 0.466672 0.447917 0.039000 0.036944
0 0.308172 0.521285 0.038969 0.057486
0 0.400332 0.673056 0.059648 0.104722
0 0.443320 0.502625 0.048672 0.066139
0 0.418438 0.431875 0.039219 0.035694
0 0.369883 0.588750 0.047266 0.069722
0 0.346445 0.421389 0.032422 0.026111
0 0.870727 0.931986 0.142609 0.136028
0 0.345426 0.402868 0.034117 0.023986
0 0.296930 0.416083 0.031141 0.024333
0 0.259934 0.412743 0.026180 0.022569
0 0.374293 0.518771 0.042695 0.053042
0 0.378883 0.476951 0.037641 0.038764
0 0.331832 0.481007 0.039477 0.044514
0 0.257012 0.478785 0.035805 0.045708
0 0.249562 0.444014 0.034906 0.035972
0 0.663309 0.966576 0.110227 0.066847
0 0.546605 0.461917 0.038680 0.036889
0 0.467016 0.419729 0.034500 0.025542
0 0.199223 0.448354 0.025758 0.033986
0 0.214750 0.405222 0.025984 0.018333
